1 1,4 -1,25
1,021789 1,4 -1,249049
1,021458 1,403784 -1,249049
1,020475 1,407452 -1,249049
1,01887 1,410894 -1,249049
1,016691 1,414006 -1,249049
1,014006 1,416691 -1,249049
1,010894 1,41887 -1,249049
1,007452 1,420475 -1,249049
1,003784 1,421458 -1,249049
1 1,421789 -1,249049
0,9962164 1,421458 -1,249049
0,9925478 1,420475 -1,249049
0,9891055 1,41887 -1,249049
0,9859943 1,416691 -1,249049
0,9833087 1,414006 -1,249049
0,9811302 1,410894 -1,249049
0,9795251 1,407452 -1,249049
0,9785421 1,403784 -1,249049
0,978211 1,4 -1,249049
0,9785421 1,396216 -1,249049
0,9795251 1,392548 -1,249049
0,9811302 1,389106 -1,249049
0,9833087 1,385994 -1,249049
0,9859943 1,383309 -1,249049
0,9891055 1,38113 -1,249049
0,9925478 1,379525 -1,249049
0,9962164 1,378542 -1,249049
1 1,378211 -1,249049
1,003784 1,378542 -1,249049
1,007452 1,379525 -1,249049
1,010894 1,38113 -1,249049
1,014006 1,383309 -1,249049
1,016691 1,385994 -1,249049
1,01887 1,389106 -1,249049
1,020475 1,392548 -1,249049
1,021458 1,396216 -1,249049
1,043412 1,4 -1,246202
1,042753 1,407538 -1,246202
1,040794 1,414848 -1,246202
1,037596 1,421706 -1,246202
1,033256 1,427905 -1,246202
1,027905 1,433256 -1,246202
1,021706 1,437596 -1,246202
1,014848 1,440794 -1,246202
1,007538 1,442752 -1,246202
1 1,443412 -1,246202
0,9924616 1,442752 -1,246202
0,9851522 1,440794 -1,246202
0,978294 1,437596 -1,246202
0,9720953 1,433256 -1,246202
0,9667444 1,427905 -1,246202
0,9624041 1,421706 -1,246202
0,959206 1,414848 -1,246202
0,9572475 1,407538 -1,246202
0,956588 1,4 -1,246202
0,9572475 1,392462 -1,246202
0,959206 1,385152 -1,246202
0,9624041 1,378294 -1,246202
0,9667444 1,372095 -1,246202
0,9720953 1,366744 -1,246202
0,978294 1,362404 -1,246202
0,9851522 1,359206 -1,246202
0,9924616 1,357247 -1,246202
1 1,356588 -1,246202
1,007538 1,357247 -1,246202
1,014848 1,359206 -1,246202
1,021706 1,362404 -1,246202
1,027905 1,366744 -1,246202
1,033256 1,372095 -1,246202
1,037596 1,378294 -1,246202
1,040794 1,385152 -1,246202
1,042753 1,392462 -1,246202
1,064705 1,4 -1,241481
1,063722 1,411236 -1,241481
1,060803 1,42213 -1,241481
1,056036 1,432352 -1,241481
1,049567 1,441591 -1,241481
1,041591 1,449567 -1,241481
1,032352 1,456036 -1,241481
1,02213 1,460803 -1,241481
1,011236 1,463722 -1,241481
1 1,464705 -1,241481
0,9887641 1,463722 -1,241481
0,9778697 1,460803 -1,241481
0,9676476 1,456036 -1,241481
0,9584086 1,449567 -1,241481
0,9504333 1,441591 -1,241481
0,943964 1,432352 -1,241481
0,9391974 1,42213 -1,241481
0,9362782 1,411236 -1,241481
0,9352952 1,4 -1,241481
0,9362782 1,388764 -1,241481
0,9391974 1,37787 -1,241481
0,943964 1,367648 -1,241481
0,9504333 1,358409 -1,241481
0,9584086 1,350433 -1,241481
0,9676476 1,343964 -1,241481
0,9778697 1,339197 -1,241481
0,9887641 1,336278 -1,241481
1 1,335295 -1,241481
1,011236 1,336278 -1,241481
1,02213 1,339197 -1,241481
1,032352 1,343964 -1,241481
1,041591 1,350433 -1,241481
1,049567 1,358409 -1,241481
1,056036 1,367648 -1,241481
1,060803 1,37787 -1,241481
1,063722 1,388764 -1,241481
1,085505 1,4 -1,234923
1,084206 1,414848 -1,234923
1,080348 1,429244 -1,234923
1,074049 1,442752 -1,234923
1,065501 1,454962 -1,234923
1,054962 1,465501 -1,234923
1,042753 1,47405 -1,234923
1,029244 1,480348 -1,234923
1,014848 1,484206 -1,234923
1 1,485505 -1,234923
0,9851522 1,484206 -1,234923
0,9707556 1,480348 -1,234923
0,9572475 1,47405 -1,234923
0,9450384 1,465501 -1,234923
0,9344993 1,454962 -1,234923
0,9259505 1,442752 -1,234923
0,9196516 1,429244 -1,234923
0,915794 1,414848 -1,234923
0,914495 1,4 -1,234923
0,915794 1,385152 -1,234923
0,9196516 1,370756 -1,234923
0,9259505 1,357247 -1,234923
0,9344993 1,345038 -1,234923
0,9450384 1,334499 -1,234923
0,9572475 1,32595 -1,234923
0,9707556 1,319651 -1,234923
0,9851522 1,315794 -1,234923
1 1,314495 -1,234923
1,014848 1,315794 -1,234923
1,029244 1,319651 -1,234923
1,042753 1,32595 -1,234923
1,054962 1,334499 -1,234923
1,065501 1,345038 -1,234923
1,074049 1,357247 -1,234923
1,080348 1,370756 -1,234923
1,084206 1,385152 -1,234923
1,105655 1,4 -1,226577
1,104049 1,418347 -1,226577
1,099283 1,436136 -1,226577
1,0915 1,452827 -1,226577
1,080936 1,467913 -1,226577
1,067913 1,480936 -1,226577
1,052827 1,4915 -1,226577
1,036136 1,499283 -1,226577
1,018347 1,504049 -1,226577
1 1,505655 -1,226577
0,9816533 1,504049 -1,226577
0,963864 1,499283 -1,226577
0,9471727 1,4915 -1,226577
0,9320866 1,480936 -1,226577
0,9190639 1,467913 -1,226577
0,9085004 1,452827 -1,226577
0,9007172 1,436136 -1,226577
0,8959506 1,418347 -1,226577
0,8943454 1,4 -1,226577
0,8959506 1,381653 -1,226577
0,9007172 1,363864 -1,226577
0,9085004 1,347173 -1,226577
0,9190639 1,332087 -1,226577
0,9320866 1,319064 -1,226577
0,9471727 1,3085 -1,226577
0,963864 1,300717 -1,226577
0,9816533 1,295951 -1,226577
1 1,294345 -1,226577
1,018347 1,295951 -1,226577
1,036136 1,300717 -1,226577
1,052827 1,3085 -1,226577
1,067913 1,319064 -1,226577
1,080936 1,332087 -1,226577
1,0915 1,347173 -1,226577
1,099283 1,363864 -1,226577
1,104049 1,381653 -1,226577
1,125 1,4 -1,216506
1,123101 1,421706 -1,216506
1,117462 1,442752 -1,216506
1,108253 1,4625 -1,216506
1,095756 1,480348 -1,216506
1,080348 1,495756 -1,216506
1,0625 1,508253 -1,216506
1,042753 1,517462 -1,216506
1,021706 1,523101 -1,216506
1 1,525 -1,216506
0,978294 1,523101 -1,216506
0,9572475 1,517462 -1,216506
0,9375 1,508253 -1,216506
0,9196516 1,495756 -1,216506
0,9042444 1,480348 -1,216506
0,8917468 1,4625 -1,216506
0,8825384 1,442752 -1,216506
0,876899 1,421706 -1,216506
0,875 1,4 -1,216506
0,876899 1,378294 -1,216506
0,8825384 1,357247 -1,216506
0,8917468 1,3375 -1,216506
0,9042444 1,319651 -1,216506
0,9196516 1,304244 -1,216506
0,9375 1,291747 -1,216506
0,9572475 1,282538 -1,216506
0,978294 1,276899 -1,216506
1 1,275 -1,216506
1,021706 1,276899 -1,216506
1,042753 1,282538 -1,216506
1,0625 1,291747 -1,216506
1,080348 1,304244 -1,216506
1,095756 1,319651 -1,216506
1,108253 1,3375 -1,216506
1,117462 1,357247 -1,216506
1,123101 1,378294 -1,216506
1,143394 1,4 -1,204788
1,141216 1,4249 -1,204788
1,134746 1,449044 -1,204788
1,124183 1,471697 -1,204788
1,109846 1,492172 -1,204788
1,092172 1,509846 -1,204788
1,071697 1,524183 -1,204788
1,049044 1,534746 -1,204788
1,0249 1,541216 -1,204788
1 1,543394 -1,204788
0,9750999 1,541216 -1,204788
0,9509563 1,534746 -1,204788
0,9283029 1,524183 -1,204788
0,907828 1,509846 -1,204788
0,8901538 1,492172 -1,204788
0,8758171 1,471697 -1,204788
0,8652536 1,449044 -1,204788
0,8587844 1,4249 -1,204788
0,8566059 1,4 -1,204788
0,8587844 1,3751 -1,204788
0,8652536 1,350956 -1,204788
0,8758171 1,328303 -1,204788
0,8901538 1,307828 -1,204788
0,907828 1,290154 -1,204788
0,9283029 1,275817 -1,204788
0,9509563 1,265254 -1,204788
0,9750999 1,258784 -1,204788
1 1,256606 -1,204788
1,0249 1,258784 -1,204788
1,049044 1,265254 -1,204788
1,071697 1,275817 -1,204788
1,092172 1,290154 -1,204788
1,109846 1,307828 -1,204788
1,124183 1,328303 -1,204788
1,134746 1,350956 -1,204788
1,141216 1,3751 -1,204788
1,160697 1,4 -1,191511
1,158256 1,427905 -1,191511
1,151006 1,454962 -1,191511
1,139168 1,480348 -1,191511
1,123101 1,503294 -1,191511
1,103294 1,523101 -1,191511
1,080348 1,539168 -1,191511
1,054962 1,551006 -1,191511
1,027905 1,558256 -1,191511
1 1,560697 -1,191511
0,9720953 1,558256 -1,191511
0,9450384 1,551006 -1,191511
0,9196516 1,539168 -1,191511
0,896706 1,523101 -1,191511
0,876899 1,503294 -1,191511
0,8608324 1,480348 -1,191511
0,8489943 1,454962 -1,191511
0,8417444 1,427905 -1,191511
0,8393031 1,4 -1,191511
0,8417444 1,372095 -1,191511
0,8489943 1,345038 -1,191511
0,8608324 1,319651 -1,191511
0,876899 1,296706 -1,191511
0,896706 1,276899 -1,191511
0,9196516 1,260832 -1,191511
0,9450384 1,248994 -1,191511
0,9720953 1,241744 -1,191511
1 1,239303 -1,191511
1,027905 1,241744 -1,191511
1,054962 1,248994 -1,191511
1,080348 1,260832 -1,191511
1,103294 1,276899 -1,191511
1,123101 1,296706 -1,191511
1,139168 1,319651 -1,191511
1,151006 1,345038 -1,191511
1,158256 1,372095 -1,191511
1,176777 1,4 -1,176777
1,174091 1,430697 -1,176777
1,166116 1,460461 -1,176777
1,153093 1,488388 -1,176777
1,135419 1,51363 -1,176777
1,11363 1,535419 -1,176777
1,088388 1,553093 -1,176777
1,060461 1,566116 -1,176777
1,030697 1,574091 -1,176777
1 1,576777 -1,176777
0,9693031 1,574091 -1,176777
0,9395388 1,566116 -1,176777
0,9116117 1,553093 -1,176777
0,8863701 1,535419 -1,176777
0,8645812 1,51363 -1,176777
0,8469069 1,488388 -1,176777
0,8338842 1,460461 -1,176777
0,825909 1,430697 -1,176777
0,8232233 1,4 -1,176777
0,825909 1,369303 -1,176777
0,8338842 1,339539 -1,176777
0,8469069 1,311612 -1,176777
0,8645812 1,28637 -1,176777
0,8863701 1,264581 -1,176777
0,9116117 1,246907 -1,176777
0,9395388 1,233884 -1,176777
0,9693031 1,225909 -1,176777
1 1,223223 -1,176777
1,030697 1,225909 -1,176777
1,060461 1,233884 -1,176777
1,088388 1,246907 -1,176777
1,11363 1,264581 -1,176777
1,135419 1,28637 -1,176777
1,153093 1,311612 -1,176777
1,166116 1,339539 -1,176777
1,174091 1,369303 -1,176777
1,191511 1,4 -1,160697
1,188602 1,433256 -1,160697
1,179962 1,465501 -1,160697
1,165854 1,495756 -1,160697
1,146706 1,523101 -1,160697
1,123101 1,546706 -1,160697
1,095756 1,565853 -1,160697
1,065501 1,579962 -1,160697
1,033256 1,588602 -1,160697
1 1,591511 -1,160697
0,9667444 1,588602 -1,160697
0,9344993 1,579962 -1,160697
0,9042444 1,565853 -1,160697
0,876899 1,546706 -1,160697
0,853294 1,523101 -1,160697
0,8341465 1,495756 -1,160697
0,8200384 1,465501 -1,160697
0,8113984 1,433256 -1,160697
0,8084889 1,4 -1,160697
0,8113984 1,366744 -1,160697
0,8200384 1,334499 -1,160697
0,8341465 1,304244 -1,160697
0,853294 1,276899 -1,160697
0,876899 1,253294 -1,160697
0,9042444 1,234146 -1,160697
0,9344993 1,220038 -1,160697
0,9667444 1,211398 -1,160697
1 1,208489 -1,160697
1,033256 1,211398 -1,160697
1,065501 1,220038 -1,160697
1,095756 1,234146 -1,160697
1,123101 1,253294 -1,160697
1,146706 1,276899 -1,160697
1,165854 1,304244 -1,160697
1,179962 1,334499 -1,160697
1,188602 1,366744 -1,160697
1,204788 1,4 -1,143394
1,201677 1,435561 -1,143394
1,192438 1,470042 -1,143394
1,177352 1,502394 -1,143394
1,156877 1,531635 -1,143394
1,131635 1,556877 -1,143394
1,102394 1,577352 -1,143394
1,070042 1,592438 -1,143394
1,035561 1,601677 -1,143394
1 1,604788 -1,143394
0,9644389 1,601677 -1,143394
0,9299583 1,592438 -1,143394
0,897606 1,577352 -1,143394
0,8683648 1,556877 -1,143394
0,8431233 1,531635 -1,143394
0,8226484 1,502394 -1,143394
0,8075622 1,470042 -1,143394
0,7983232 1,435561 -1,143394
0,795212 1,4 -1,143394
0,7983232 1,364439 -1,143394
0,8075622 1,329958 -1,143394
0,8226484 1,297606 -1,143394
0,8431233 1,268365 -1,143394
0,8683648 1,243123 -1,143394
0,897606 1,222648 -1,143394
0,9299583 1,207562 -1,143394
0,9644389 1,198323 -1,143394
1 1,195212 -1,143394
1,035561 1,198323 -1,143394
1,070042 1,207562 -1,143394
1,102394 1,222648 -1,143394
1,131635 1,243123 -1,143394
1,156877 1,268365 -1,143394
1,177352 1,297606 -1,143394
1,192438 1,329958 -1,143394
1,201677 1,364439 -1,143394
1,216506 1,4 -1,125
1,213217 1,437596 -1,125
1,203449 1,47405 -1,125
1,1875 1,508253 -1,125
1,165854 1,539168 -1,125
1,139168 1,565853 -1,125
1,108253 1,5875 -1,125
1,074049 1,603449 -1,125
1,037596 1,613217 -1,125
1 1,616506 -1,125
0,9624041 1,613217 -1,125
0,9259505 1,603449 -1,125
0,8917468 1,5875 -1,125
0,8608324 1,565853 -1,125
0,8341465 1,539168 -1,125
0,8125 1,508253 -1,125
0,7965506 1,47405 -1,125
0,7867829 1,437596 -1,125
0,7834936 1,4 -1,125
0,7867829 1,362404 -1,125
0,7965506 1,32595 -1,125
0,8125 1,291747 -1,125
0,8341465 1,260832 -1,125
0,8608324 1,234146 -1,125
0,8917468 1,2125 -1,125
0,9259505 1,196551 -1,125
0,9624041 1,186783 -1,125
1 1,183494 -1,125
1,037596 1,186783 -1,125
1,074049 1,196551 -1,125
1,108253 1,2125 -1,125
1,139168 1,234146 -1,125
1,165854 1,260832 -1,125
1,1875 1,291747 -1,125
1,203449 1,32595 -1,125
1,213217 1,362404 -1,125
1,226577 1,4 -1,105655
1,223135 1,439345 -1,105655
1,212913 1,477494 -1,105655
1,196221 1,513288 -1,105655
1,173568 1,545641 -1,105655
1,145641 1,573568 -1,105655
1,113289 1,596221 -1,105655
1,077494 1,612913 -1,105655
1,039345 1,623135 -1,105655
1 1,626577 -1,105655
0,9606553 1,623135 -1,105655
0,9225061 1,612913 -1,105655
0,8867115 1,596221 -1,105655
0,8543591 1,573568 -1,105655
0,826432 1,545641 -1,105655
0,8037786 1,513288 -1,105655
0,7870873 1,477494 -1,105655
0,7768652 1,439345 -1,105655
0,7734231 1,4 -1,105655
0,7768652 1,360655 -1,105655
0,7870873 1,322506 -1,105655
0,8037786 1,286711 -1,105655
0,826432 1,254359 -1,105655
0,8543591 1,226432 -1,105655
0,8867115 1,203779 -1,105655
0,9225061 1,187087 -1,105655
0,9606553 1,176865 -1,105655
1 1,173423 -1,105655
1,039345 1,176865 -1,105655
1,077494 1,187087 -1,105655
1,113289 1,203779 -1,105655
1,145641 1,226432 -1,105655
1,173568 1,254359 -1,105655
1,196221 1,286711 -1,105655
1,212913 1,322506 -1,105655
1,223135 1,360655 -1,105655
1,234923 1,4 -1,085505
1,231354 1,440794 -1,085505
1,220756 1,480348 -1,085505
1,203449 1,517462 -1,085505
1,179962 1,551006 -1,085505
1,151006 1,579962 -1,085505
1,117462 1,603449 -1,085505
1,080348 1,620756 -1,085505
1,040794 1,631354 -1,085505
1 1,634923 -1,085505
0,959206 1,631354 -1,085505
0,9196516 1,620756 -1,085505
0,8825384 1,603449 -1,085505
0,8489943 1,579962 -1,085505
0,8200384 1,551006 -1,085505
0,7965506 1,517462 -1,085505
0,7792444 1,480348 -1,085505
0,7686459 1,440794 -1,085505
0,7650769 1,4 -1,085505
0,7686459 1,359206 -1,085505
0,7792444 1,319651 -1,085505
0,7965506 1,282538 -1,085505
0,8200384 1,248994 -1,085505
0,8489943 1,220038 -1,085505
0,8825384 1,196551 -1,085505
0,9196516 1,179244 -1,085505
0,959206 1,168646 -1,085505
1 1,165077 -1,085505
1,040794 1,168646 -1,085505
1,080348 1,179244 -1,085505
1,117462 1,196551 -1,085505
1,151006 1,220038 -1,085505
1,179962 1,248994 -1,085505
1,203449 1,282538 -1,085505
1,220756 1,319651 -1,085505
1,231354 1,359206 -1,085505
1,241481 1,4 -1,064705
1,237813 1,441933 -1,064705
1,226918 1,482592 -1,064705
1,209129 1,520741 -1,064705
1,184986 1,555221 -1,064705
1,155221 1,584985 -1,064705
1,120741 1,609129 -1,064705
1,082592 1,626918 -1,064705
1,041933 1,637813 -1,064705
1 1,641481 -1,064705
0,9580672 1,637813 -1,064705
0,9174085 1,626918 -1,064705
0,8792593 1,609129 -1,064705
0,8447787 1,584985 -1,064705
0,8150145 1,555221 -1,064705
0,7908709 1,520741 -1,064705
0,7730817 1,482592 -1,064705
0,7621872 1,441933 -1,064705
0,7585186 1,4 -1,064705
0,7621872 1,358067 -1,064705
0,7730817 1,317408 -1,064705
0,7908709 1,279259 -1,064705
0,8150145 1,244779 -1,064705
0,8447787 1,215014 -1,064705
0,8792593 1,190871 -1,064705
0,9174085 1,173082 -1,064705
0,9580672 1,162187 -1,064705
1 1,158519 -1,064705
1,041933 1,162187 -1,064705
1,082592 1,173082 -1,064705
1,120741 1,190871 -1,064705
1,155221 1,215014 -1,064705
1,184986 1,244779 -1,064705
1,209129 1,279259 -1,064705
1,226918 1,317408 -1,064705
1,237813 1,358067 -1,064705
1,246202 1,4 -1,043412
1,242462 1,442752 -1,043412
1,231354 1,484206 -1,043412
1,213217 1,523101 -1,043412
1,188602 1,558256 -1,043412
1,158256 1,588602 -1,043412
1,123101 1,613217 -1,043412
1,084206 1,631354 -1,043412
1,042753 1,642462 -1,043412
1 1,646202 -1,043412
0,9572475 1,642462 -1,043412
0,915794 1,631354 -1,043412
0,876899 1,613217 -1,043412
0,8417444 1,588602 -1,043412
0,8113984 1,558256 -1,043412
0,7867829 1,523101 -1,043412
0,7686459 1,484206 -1,043412
0,7575384 1,442752 -1,043412
0,7537981 1,4 -1,043412
0,7575384 1,357247 -1,043412
0,7686459 1,315794 -1,043412
0,7867829 1,276899 -1,043412
0,8113984 1,241744 -1,043412
0,8417444 1,211398 -1,043412
0,876899 1,186783 -1,043412
0,915794 1,168646 -1,043412
0,9572475 1,157538 -1,043412
1 1,153798 -1,043412
1,042753 1,157538 -1,043412
1,084206 1,168646 -1,043412
1,123101 1,186783 -1,043412
1,158256 1,211398 -1,043412
1,188602 1,241744 -1,043412
1,213217 1,276899 -1,043412
1,231354 1,315794 -1,043412
1,242462 1,357247 -1,043412
1,249049 1,4 -1,021789
1,245265 1,443247 -1,021789
1,234029 1,48518 -1,021789
1,215683 1,524524 -1,021789
1,190782 1,560085 -1,021789
1,160085 1,590782 -1,021789
1,124524 1,615682 -1,021789
1,08518 1,634029 -1,021789
1,043247 1,645265 -1,021789
1 1,649049 -1,021789
0,9567531 1,645265 -1,021789
0,9148203 1,634029 -1,021789
0,8754756 1,615682 -1,021789
0,8399146 1,590782 -1,021789
0,8092176 1,560085 -1,021789
0,7843175 1,524524 -1,021789
0,7659708 1,48518 -1,021789
0,7547349 1,443247 -1,021789
0,7509513 1,4 -1,021789
0,7547349 1,356753 -1,021789
0,7659708 1,31482 -1,021789
0,7843175 1,275476 -1,021789
0,8092176 1,239915 -1,021789
0,8399146 1,209218 -1,021789
0,8754756 1,184317 -1,021789
0,9148203 1,165971 -1,021789
0,9567531 1,154735 -1,021789
1 1,150951 -1,021789
1,043247 1,154735 -1,021789
1,08518 1,165971 -1,021789
1,124524 1,184317 -1,021789
1,160085 1,209218 -1,021789
1,190782 1,239915 -1,021789
1,215683 1,275476 -1,021789
1,234029 1,31482 -1,021789
1,245265 1,356753 -1,021789
1,25 1,4 -1
1,246202 1,443412 -1
1,234923 1,485505 -1
1,216506 1,525 -1
1,191511 1,560697 -1
1,160697 1,591511 -1
1,125 1,616506 -1
1,085505 1,634923 -1
1,043412 1,646202 -1
1 1,65 -1
0,956588 1,646202 -1
0,914495 1,634923 -1
0,875 1,616506 -1
0,8393031 1,591511 -1
0,8084889 1,560697 -1
0,7834936 1,525 -1
0,7650769 1,485505 -1
0,7537981 1,443412 -1
0,75 1,4 -1
0,7537981 1,356588 -1
0,7650769 1,314495 -1
0,7834936 1,275 -1
0,8084889 1,239303 -1
0,8393031 1,208489 -1
0,875 1,183494 -1
0,914495 1,165077 -1
0,956588 1,153798 -1
1 1,15 -1
1,043412 1,153798 -1
1,085505 1,165077 -1
1,125 1,183494 -1
1,160697 1,208489 -1
1,191511 1,239303 -1
1,216506 1,275 -1
1,234923 1,314495 -1
1,246202 1,356588 -1
1,249049 1,4 -0,978211
1,245265 1,443247 -0,978211
1,234029 1,48518 -0,978211
1,215683 1,524524 -0,978211
1,190782 1,560085 -0,978211
1,160085 1,590782 -0,978211
1,124524 1,615682 -0,978211
1,08518 1,634029 -0,978211
1,043247 1,645265 -0,978211
1 1,649049 -0,978211
0,9567531 1,645265 -0,978211
0,9148203 1,634029 -0,978211
0,8754756 1,615682 -0,978211
0,8399146 1,590782 -0,978211
0,8092176 1,560085 -0,978211
0,7843175 1,524524 -0,978211
0,7659708 1,48518 -0,978211
0,7547349 1,443247 -0,978211
0,7509513 1,4 -0,978211
0,7547349 1,356753 -0,978211
0,7659708 1,31482 -0,978211
0,7843175 1,275476 -0,978211
0,8092176 1,239915 -0,978211
0,8399146 1,209218 -0,978211
0,8754756 1,184317 -0,978211
0,9148203 1,165971 -0,978211
0,9567531 1,154735 -0,978211
1 1,150951 -0,978211
1,043247 1,154735 -0,978211
1,08518 1,165971 -0,978211
1,124524 1,184317 -0,978211
1,160085 1,209218 -0,978211
1,190782 1,239915 -0,978211
1,215683 1,275476 -0,978211
1,234029 1,31482 -0,978211
1,245265 1,356753 -0,978211
1,246202 1,4 -0,956588
1,242462 1,442752 -0,956588
1,231354 1,484206 -0,956588
1,213217 1,523101 -0,956588
1,188602 1,558256 -0,956588
1,158256 1,588602 -0,956588
1,123101 1,613217 -0,956588
1,084206 1,631354 -0,956588
1,042753 1,642462 -0,956588
1 1,646202 -0,956588
0,9572475 1,642462 -0,956588
0,915794 1,631354 -0,956588
0,876899 1,613217 -0,956588
0,8417444 1,588602 -0,956588
0,8113984 1,558256 -0,956588
0,7867829 1,523101 -0,956588
0,7686459 1,484206 -0,956588
0,7575384 1,442752 -0,956588
0,7537981 1,4 -0,956588
0,7575384 1,357247 -0,956588
0,7686459 1,315794 -0,956588
0,7867829 1,276899 -0,956588
0,8113984 1,241744 -0,956588
0,8417444 1,211398 -0,956588
0,876899 1,186783 -0,956588
0,915794 1,168646 -0,956588
0,9572475 1,157538 -0,956588
1 1,153798 -0,956588
1,042753 1,157538 -0,956588
1,084206 1,168646 -0,956588
1,123101 1,186783 -0,956588
1,158256 1,211398 -0,956588
1,188602 1,241744 -0,956588
1,213217 1,276899 -0,956588
1,231354 1,315794 -0,956588
1,242462 1,357247 -0,956588
1,241481 1,4 -0,9352952
1,237813 1,441933 -0,9352952
1,226918 1,482592 -0,9352952
1,209129 1,520741 -0,9352952
1,184986 1,555221 -0,9352952
1,155221 1,584985 -0,9352952
1,120741 1,609129 -0,9352952
1,082592 1,626918 -0,9352952
1,041933 1,637813 -0,9352952
1 1,641481 -0,9352952
0,9580672 1,637813 -0,9352952
0,9174085 1,626918 -0,9352952
0,8792593 1,609129 -0,9352952
0,8447787 1,584985 -0,9352952
0,8150145 1,555221 -0,9352952
0,7908709 1,520741 -0,9352952
0,7730817 1,482592 -0,9352952
0,7621872 1,441933 -0,9352952
0,7585186 1,4 -0,9352952
0,7621872 1,358067 -0,9352952
0,7730817 1,317408 -0,9352952
0,7908709 1,279259 -0,9352952
0,8150145 1,244779 -0,9352952
0,8447787 1,215014 -0,9352952
0,8792593 1,190871 -0,9352952
0,9174085 1,173082 -0,9352952
0,9580672 1,162187 -0,9352952
1 1,158519 -0,9352952
1,041933 1,162187 -0,9352952
1,082592 1,173082 -0,9352952
1,120741 1,190871 -0,9352952
1,155221 1,215014 -0,9352952
1,184986 1,244779 -0,9352952
1,209129 1,279259 -0,9352952
1,226918 1,317408 -0,9352952
1,237813 1,358067 -0,9352952
1,234923 1,4 -0,914495
1,231354 1,440794 -0,914495
1,220756 1,480348 -0,914495
1,203449 1,517462 -0,914495
1,179962 1,551006 -0,914495
1,151006 1,579962 -0,914495
1,117462 1,603449 -0,914495
1,080348 1,620756 -0,914495
1,040794 1,631354 -0,914495
1 1,634923 -0,914495
0,959206 1,631354 -0,914495
0,9196516 1,620756 -0,914495
0,8825384 1,603449 -0,914495
0,8489943 1,579962 -0,914495
0,8200384 1,551006 -0,914495
0,7965506 1,517462 -0,914495
0,7792444 1,480348 -0,914495
0,7686459 1,440794 -0,914495
0,7650769 1,4 -0,914495
0,7686459 1,359206 -0,914495
0,7792444 1,319651 -0,914495
0,7965506 1,282538 -0,914495
0,8200384 1,248994 -0,914495
0,8489943 1,220038 -0,914495
0,8825384 1,196551 -0,914495
0,9196516 1,179244 -0,914495
0,959206 1,168646 -0,914495
1 1,165077 -0,914495
1,040794 1,168646 -0,914495
1,080348 1,179244 -0,914495
1,117462 1,196551 -0,914495
1,151006 1,220038 -0,914495
1,179962 1,248994 -0,914495
1,203449 1,282538 -0,914495
1,220756 1,319651 -0,914495
1,231354 1,359206 -0,914495
1,226577 1,4 -0,8943454
1,223135 1,439345 -0,8943454
1,212913 1,477494 -0,8943454
1,196221 1,513288 -0,8943454
1,173568 1,545641 -0,8943454
1,145641 1,573568 -0,8943454
1,113289 1,596221 -0,8943454
1,077494 1,612913 -0,8943454
1,039345 1,623135 -0,8943454
1 1,626577 -0,8943454
0,9606553 1,623135 -0,8943454
0,9225061 1,612913 -0,8943454
0,8867115 1,596221 -0,8943454
0,8543591 1,573568 -0,8943454
0,826432 1,545641 -0,8943454
0,8037786 1,513288 -0,8943454
0,7870873 1,477494 -0,8943454
0,7768652 1,439345 -0,8943454
0,7734231 1,4 -0,8943454
0,7768652 1,360655 -0,8943454
0,7870873 1,322506 -0,8943454
0,8037786 1,286711 -0,8943454
0,826432 1,254359 -0,8943454
0,8543591 1,226432 -0,8943454
0,8867115 1,203779 -0,8943454
0,9225061 1,187087 -0,8943454
0,9606553 1,176865 -0,8943454
1 1,173423 -0,8943454
1,039345 1,176865 -0,8943454
1,077494 1,187087 -0,8943454
1,113289 1,203779 -0,8943454
1,145641 1,226432 -0,8943454
1,173568 1,254359 -0,8943454
1,196221 1,286711 -0,8943454
1,212913 1,322506 -0,8943454
1,223135 1,360655 -0,8943454
1,216506 1,4 -0,875
1,213217 1,437596 -0,875
1,203449 1,47405 -0,875
1,1875 1,508253 -0,875
1,165854 1,539168 -0,875
1,139168 1,565853 -0,875
1,108253 1,5875 -0,875
1,074049 1,603449 -0,875
1,037596 1,613217 -0,875
1 1,616506 -0,875
0,9624041 1,613217 -0,875
0,9259505 1,603449 -0,875
0,8917468 1,5875 -0,875
0,8608324 1,565853 -0,875
0,8341465 1,539168 -0,875
0,8125 1,508253 -0,875
0,7965506 1,47405 -0,875
0,7867829 1,437596 -0,875
0,7834936 1,4 -0,875
0,7867829 1,362404 -0,875
0,7965506 1,32595 -0,875
0,8125 1,291747 -0,875
0,8341465 1,260832 -0,875
0,8608324 1,234146 -0,875
0,8917468 1,2125 -0,875
0,9259505 1,196551 -0,875
0,9624041 1,186783 -0,875
1 1,183494 -0,875
1,037596 1,186783 -0,875
1,074049 1,196551 -0,875
1,108253 1,2125 -0,875
1,139168 1,234146 -0,875
1,165854 1,260832 -0,875
1,1875 1,291747 -0,875
1,203449 1,32595 -0,875
1,213217 1,362404 -0,875
1,204788 1,4 -0,8566059
1,201677 1,435561 -0,8566059
1,192438 1,470042 -0,8566059
1,177352 1,502394 -0,8566059
1,156877 1,531635 -0,8566059
1,131635 1,556877 -0,8566059
1,102394 1,577352 -0,8566059
1,070042 1,592438 -0,8566059
1,035561 1,601677 -0,8566059
1 1,604788 -0,8566059
0,9644389 1,601677 -0,8566059
0,9299583 1,592438 -0,8566059
0,897606 1,577352 -0,8566059
0,8683648 1,556877 -0,8566059
0,8431233 1,531635 -0,8566059
0,8226484 1,502394 -0,8566059
0,8075622 1,470042 -0,8566059
0,7983232 1,435561 -0,8566059
0,795212 1,4 -0,8566059
0,7983232 1,364439 -0,8566059
0,8075622 1,329958 -0,8566059
0,8226484 1,297606 -0,8566059
0,8431233 1,268365 -0,8566059
0,8683648 1,243123 -0,8566059
0,897606 1,222648 -0,8566059
0,9299583 1,207562 -0,8566059
0,9644389 1,198323 -0,8566059
1 1,195212 -0,8566059
1,035561 1,198323 -0,8566059
1,070042 1,207562 -0,8566059
1,102394 1,222648 -0,8566059
1,131635 1,243123 -0,8566059
1,156877 1,268365 -0,8566059
1,177352 1,297606 -0,8566059
1,192438 1,329958 -0,8566059
1,201677 1,364439 -0,8566059
1,191511 1,4 -0,8393031
1,188602 1,433256 -0,8393031
1,179962 1,465501 -0,8393031
1,165854 1,495756 -0,8393031
1,146706 1,523101 -0,8393031
1,123101 1,546706 -0,8393031
1,095756 1,565853 -0,8393031
1,065501 1,579962 -0,8393031
1,033256 1,588602 -0,8393031
1 1,591511 -0,8393031
0,9667444 1,588602 -0,8393031
0,9344993 1,579962 -0,8393031
0,9042444 1,565853 -0,8393031
0,876899 1,546706 -0,8393031
0,853294 1,523101 -0,8393031
0,8341465 1,495756 -0,8393031
0,8200384 1,465501 -0,8393031
0,8113984 1,433256 -0,8393031
0,8084889 1,4 -0,8393031
0,8113984 1,366744 -0,8393031
0,8200384 1,334499 -0,8393031
0,8341465 1,304244 -0,8393031
0,853294 1,276899 -0,8393031
0,876899 1,253294 -0,8393031
0,9042444 1,234146 -0,8393031
0,9344993 1,220038 -0,8393031
0,9667444 1,211398 -0,8393031
1 1,208489 -0,8393031
1,033256 1,211398 -0,8393031
1,065501 1,220038 -0,8393031
1,095756 1,234146 -0,8393031
1,123101 1,253294 -0,8393031
1,146706 1,276899 -0,8393031
1,165854 1,304244 -0,8393031
1,179962 1,334499 -0,8393031
1,188602 1,366744 -0,8393031
1,176777 1,4 -0,8232233
1,174091 1,430697 -0,8232233
1,166116 1,460461 -0,8232233
1,153093 1,488388 -0,8232233
1,135419 1,51363 -0,8232233
1,11363 1,535419 -0,8232233
1,088388 1,553093 -0,8232233
1,060461 1,566116 -0,8232233
1,030697 1,574091 -0,8232233
1 1,576777 -0,8232233
0,9693031 1,574091 -0,8232233
0,9395388 1,566116 -0,8232233
0,9116117 1,553093 -0,8232233
0,8863701 1,535419 -0,8232233
0,8645812 1,51363 -0,8232233
0,8469069 1,488388 -0,8232233
0,8338842 1,460461 -0,8232233
0,825909 1,430697 -0,8232233
0,8232233 1,4 -0,8232233
0,825909 1,369303 -0,8232233
0,8338842 1,339539 -0,8232233
0,8469069 1,311612 -0,8232233
0,8645812 1,28637 -0,8232233
0,8863701 1,264581 -0,8232233
0,9116117 1,246907 -0,8232233
0,9395388 1,233884 -0,8232233
0,9693031 1,225909 -0,8232233
1 1,223223 -0,8232233
1,030697 1,225909 -0,8232233
1,060461 1,233884 -0,8232233
1,088388 1,246907 -0,8232233
1,11363 1,264581 -0,8232233
1,135419 1,28637 -0,8232233
1,153093 1,311612 -0,8232233
1,166116 1,339539 -0,8232233
1,174091 1,369303 -0,8232233
1,160697 1,4 -0,8084889
1,158256 1,427905 -0,8084889
1,151006 1,454962 -0,8084889
1,139168 1,480348 -0,8084889
1,123101 1,503294 -0,8084889
1,103294 1,523101 -0,8084889
1,080348 1,539168 -0,8084889
1,054962 1,551006 -0,8084889
1,027905 1,558256 -0,8084889
1 1,560697 -0,8084889
0,9720953 1,558256 -0,8084889
0,9450384 1,551006 -0,8084889
0,9196516 1,539168 -0,8084889
0,896706 1,523101 -0,8084889
0,876899 1,503294 -0,8084889
0,8608324 1,480348 -0,8084889
0,8489943 1,454962 -0,8084889
0,8417444 1,427905 -0,8084889
0,8393031 1,4 -0,8084889
0,8417444 1,372095 -0,8084889
0,8489943 1,345038 -0,8084889
0,8608324 1,319651 -0,8084889
0,876899 1,296706 -0,8084889
0,896706 1,276899 -0,8084889
0,9196516 1,260832 -0,8084889
0,9450384 1,248994 -0,8084889
0,9720953 1,241744 -0,8084889
1 1,239303 -0,8084889
1,027905 1,241744 -0,8084889
1,054962 1,248994 -0,8084889
1,080348 1,260832 -0,8084889
1,103294 1,276899 -0,8084889
1,123101 1,296706 -0,8084889
1,139168 1,319651 -0,8084889
1,151006 1,345038 -0,8084889
1,158256 1,372095 -0,8084889
1,143394 1,4 -0,795212
1,141216 1,4249 -0,795212
1,134746 1,449044 -0,795212
1,124183 1,471697 -0,795212
1,109846 1,492172 -0,795212
1,092172 1,509846 -0,795212
1,071697 1,524183 -0,795212
1,049044 1,534746 -0,795212
1,0249 1,541216 -0,795212
1 1,543394 -0,795212
0,9750999 1,541216 -0,795212
0,9509563 1,534746 -0,795212
0,9283029 1,524183 -0,795212
0,907828 1,509846 -0,795212
0,8901538 1,492172 -0,795212
0,8758171 1,471697 -0,795212
0,8652536 1,449044 -0,795212
0,8587844 1,4249 -0,795212
0,8566059 1,4 -0,795212
0,8587844 1,3751 -0,795212
0,8652536 1,350956 -0,795212
0,8758171 1,328303 -0,795212
0,8901538 1,307828 -0,795212
0,907828 1,290154 -0,795212
0,9283029 1,275817 -0,795212
0,9509563 1,265254 -0,795212
0,9750999 1,258784 -0,795212
1 1,256606 -0,795212
1,0249 1,258784 -0,795212
1,049044 1,265254 -0,795212
1,071697 1,275817 -0,795212
1,092172 1,290154 -0,795212
1,109846 1,307828 -0,795212
1,124183 1,328303 -0,795212
1,134746 1,350956 -0,795212
1,141216 1,3751 -0,795212
1,125 1,4 -0,7834936
1,123101 1,421706 -0,7834936
1,117462 1,442752 -0,7834936
1,108253 1,4625 -0,7834936
1,095756 1,480348 -0,7834936
1,080348 1,495756 -0,7834936
1,0625 1,508253 -0,7834936
1,042753 1,517462 -0,7834936
1,021706 1,523101 -0,7834936
1 1,525 -0,7834936
0,978294 1,523101 -0,7834936
0,9572475 1,517462 -0,7834936
0,9375 1,508253 -0,7834936
0,9196516 1,495756 -0,7834936
0,9042444 1,480348 -0,7834936
0,8917468 1,4625 -0,7834936
0,8825384 1,442752 -0,7834936
0,876899 1,421706 -0,7834936
0,875 1,4 -0,7834936
0,876899 1,378294 -0,7834936
0,8825384 1,357247 -0,7834936
0,8917468 1,3375 -0,7834936
0,9042444 1,319651 -0,7834936
0,9196516 1,304244 -0,7834936
0,9375 1,291747 -0,7834936
0,9572475 1,282538 -0,7834936
0,978294 1,276899 -0,7834936
1 1,275 -0,7834936
1,021706 1,276899 -0,7834936
1,042753 1,282538 -0,7834936
1,0625 1,291747 -0,7834936
1,080348 1,304244 -0,7834936
1,095756 1,319651 -0,7834936
1,108253 1,3375 -0,7834936
1,117462 1,357247 -0,7834936
1,123101 1,378294 -0,7834936
1,105655 1,4 -0,7734231
1,104049 1,418347 -0,7734231
1,099283 1,436136 -0,7734231
1,0915 1,452827 -0,7734231
1,080936 1,467913 -0,7734231
1,067913 1,480936 -0,7734231
1,052827 1,4915 -0,7734231
1,036136 1,499283 -0,7734231
1,018347 1,504049 -0,7734231
1 1,505655 -0,7734231
0,9816533 1,504049 -0,7734231
0,963864 1,499283 -0,7734231
0,9471727 1,4915 -0,7734231
0,9320866 1,480936 -0,7734231
0,9190639 1,467913 -0,7734231
0,9085004 1,452827 -0,7734231
0,9007172 1,436136 -0,7734231
0,8959506 1,418347 -0,7734231
0,8943454 1,4 -0,7734231
0,8959506 1,381653 -0,7734231
0,9007172 1,363864 -0,7734231
0,9085004 1,347173 -0,7734231
0,9190639 1,332087 -0,7734231
0,9320866 1,319064 -0,7734231
0,9471727 1,3085 -0,7734231
0,963864 1,300717 -0,7734231
0,9816533 1,295951 -0,7734231
1 1,294345 -0,7734231
1,018347 1,295951 -0,7734231
1,036136 1,300717 -0,7734231
1,052827 1,3085 -0,7734231
1,067913 1,319064 -0,7734231
1,080936 1,332087 -0,7734231
1,0915 1,347173 -0,7734231
1,099283 1,363864 -0,7734231
1,104049 1,381653 -0,7734231
1,085505 1,4 -0,7650769
1,084206 1,414848 -0,7650769
1,080348 1,429244 -0,7650769
1,074049 1,442752 -0,7650769
1,065501 1,454962 -0,7650769
1,054962 1,465501 -0,7650769
1,042753 1,47405 -0,7650769
1,029244 1,480348 -0,7650769
1,014848 1,484206 -0,7650769
1 1,485505 -0,7650769
0,9851522 1,484206 -0,7650769
0,9707556 1,480348 -0,7650769
0,9572475 1,47405 -0,7650769
0,9450384 1,465501 -0,7650769
0,9344993 1,454962 -0,7650769
0,9259505 1,442752 -0,7650769
0,9196516 1,429244 -0,7650769
0,915794 1,414848 -0,7650769
0,914495 1,4 -0,7650769
0,915794 1,385152 -0,7650769
0,9196516 1,370756 -0,7650769
0,9259505 1,357247 -0,7650769
0,9344993 1,345038 -0,7650769
0,9450384 1,334499 -0,7650769
0,9572475 1,32595 -0,7650769
0,9707556 1,319651 -0,7650769
0,9851522 1,315794 -0,7650769
1 1,314495 -0,7650769
1,014848 1,315794 -0,7650769
1,029244 1,319651 -0,7650769
1,042753 1,32595 -0,7650769
1,054962 1,334499 -0,7650769
1,065501 1,345038 -0,7650769
1,074049 1,357247 -0,7650769
1,080348 1,370756 -0,7650769
1,084206 1,385152 -0,7650769
1,064705 1,4 -0,7585186
1,063722 1,411236 -0,7585186
1,060803 1,42213 -0,7585186
1,056036 1,432352 -0,7585186
1,049567 1,441591 -0,7585186
1,041591 1,449567 -0,7585186
1,032352 1,456036 -0,7585186
1,02213 1,460803 -0,7585186
1,011236 1,463722 -0,7585186
1 1,464705 -0,7585186
0,9887641 1,463722 -0,7585186
0,9778697 1,460803 -0,7585186
0,9676476 1,456036 -0,7585186
0,9584086 1,449567 -0,7585186
0,9504333 1,441591 -0,7585186
0,943964 1,432352 -0,7585186
0,9391974 1,42213 -0,7585186
0,9362782 1,411236 -0,7585186
0,9352952 1,4 -0,7585186
0,9362782 1,388764 -0,7585186
0,9391974 1,37787 -0,7585186
0,943964 1,367648 -0,7585186
0,9504333 1,358409 -0,7585186
0,9584086 1,350433 -0,7585186
0,9676476 1,343964 -0,7585186
0,9778697 1,339197 -0,7585186
0,9887641 1,336278 -0,7585186
1 1,335295 -0,7585186
1,011236 1,336278 -0,7585186
1,02213 1,339197 -0,7585186
1,032352 1,343964 -0,7585186
1,041591 1,350433 -0,7585186
1,049567 1,358409 -0,7585186
1,056036 1,367648 -0,7585186
1,060803 1,37787 -0,7585186
1,063722 1,388764 -0,7585186
1,043412 1,4 -0,7537981
1,042753 1,407538 -0,7537981
1,040794 1,414848 -0,7537981
1,037596 1,421706 -0,7537981
1,033256 1,427905 -0,7537981
1,027905 1,433256 -0,7537981
1,021706 1,437596 -0,7537981
1,014848 1,440794 -0,7537981
1,007538 1,442752 -0,7537981
1 1,443412 -0,7537981
0,9924616 1,442752 -0,7537981
0,9851522 1,440794 -0,7537981
0,978294 1,437596 -0,7537981
0,9720953 1,433256 -0,7537981
0,9667444 1,427905 -0,7537981
0,9624041 1,421706 -0,7537981
0,959206 1,414848 -0,7537981
0,9572475 1,407538 -0,7537981
0,956588 1,4 -0,7537981
0,9572475 1,392462 -0,7537981
0,959206 1,385152 -0,7537981
0,9624041 1,378294 -0,7537981
0,9667444 1,372095 -0,7537981
0,9720953 1,366744 -0,7537981
0,978294 1,362404 -0,7537981
0,9851522 1,359206 -0,7537981
0,9924616 1,357247 -0,7537981
1 1,356588 -0,7537981
1,007538 1,357247 -0,7537981
1,014848 1,359206 -0,7537981
1,021706 1,362404 -0,7537981
1,027905 1,366744 -0,7537981
1,033256 1,372095 -0,7537981
1,037596 1,378294 -0,7537981
1,040794 1,385152 -0,7537981
1,042753 1,392462 -0,7537981
1,021789 1,4 -0,7509513
1,021458 1,403784 -0,7509513
1,020475 1,407452 -0,7509513
1,01887 1,410894 -0,7509513
1,016691 1,414006 -0,7509513
1,014006 1,416691 -0,7509513
1,010894 1,41887 -0,7509513
1,007452 1,420475 -0,7509513
1,003784 1,421458 -0,7509513
1 1,421789 -0,7509513
0,9962164 1,421458 -0,7509513
0,9925478 1,420475 -0,7509513
0,9891055 1,41887 -0,7509513
0,9859943 1,416691 -0,7509513
0,9833087 1,414006 -0,7509513
0,9811302 1,410894 -0,7509513
0,9795251 1,407452 -0,7509513
0,9785421 1,403784 -0,7509513
0,978211 1,4 -0,7509513
0,9785421 1,396216 -0,7509513
0,9795251 1,392548 -0,7509513
0,9811302 1,389106 -0,7509513
0,9833087 1,385994 -0,7509513
0,9859943 1,383309 -0,7509513
0,9891055 1,38113 -0,7509513
0,9925478 1,379525 -0,7509513
0,9962164 1,378542 -0,7509513
1 1,378211 -0,7509513
1,003784 1,378542 -0,7509513
1,007452 1,379525 -0,7509513
1,010894 1,38113 -0,7509513
1,014006 1,383309 -0,7509513
1,016691 1,385994 -0,7509513
1,01887 1,389106 -0,7509513
1,020475 1,392548 -0,7509513
1,021458 1,396216 -0,7509513
1 1,4 -0,75
0 0 0
