0 0 1
1 0 2
0 0 2
2 0 3
0 0 3
3 0 4
0 0 4
4 0 5
0 0 5
5 0 6
0 0 6
6 0 7
0 0 7
7 0 8
0 0 8
8 0 9
0 0 9
9 0 10
0 0 10
10 0 11
0 0 11
11 0 12
0 0 12
12 0 13
0 0 13
13 0 14
0 0 14
14 0 15
0 0 15
15 0 16
0 0 16
16 0 17
0 0 17
17 0 18
0 0 18
18 0 19
0 0 19
19 0 20
0 0 20
20 0 21
0 0 21
21 0 22
0 0 22
22 0 23
0 0 23
23 0 24
0 0 24
24 0 25
0 0 25
25 0 26
0 0 26
26 0 27
0 0 27
27 0 28
0 0 28
28 0 29
0 0 29
29 0 30
0 0 30
30 0 31
0 0 31
31 0 32
0 0 32
32 0 33
0 0 33
33 0 34
0 0 34
34 0 35
0 0 35
35 0 36
0 0 36
36 0 1
0 1 1
1 1 37
1 2 37
37 2 38
2 3 38
38 3 39
3 4 39
39 4 40
4 5 40
40 5 41
5 6 41
41 6 42
6 7 42
42 7 43
7 8 43
43 8 44
8 9 44
44 9 45
9 10 45
45 10 46
10 11 46
46 11 47
11 12 47
47 12 48
12 13 48
48 13 49
13 14 49
49 14 50
14 15 50
50 15 51
15 16 51
51 16 52
16 17 52
52 17 53
17 18 53
53 18 54
18 19 54
54 19 55
19 20 55
55 20 56
20 21 56
56 21 57
21 22 57
57 22 58
22 23 58
58 23 59
23 24 59
59 24 60
24 25 60
60 25 61
25 26 61
61 26 62
26 27 62
62 27 63
27 28 63
63 28 64
28 29 64
64 29 65
29 30 65
65 30 66
30 31 66
66 31 67
31 32 67
67 32 68
32 33 68
68 33 69
33 34 69
69 34 70
34 35 70
70 35 71
35 36 71
71 36 72
36 1 72
72 1 37
1 37 37
37 37 73
37 38 73
73 38 74
38 39 74
74 39 75
39 40 75
75 40 76
40 41 76
76 41 77
41 42 77
77 42 78
42 43 78
78 43 79
43 44 79
79 44 80
44 45 80
80 45 81
45 46 81
81 46 82
46 47 82
82 47 83
47 48 83
83 48 84
48 49 84
84 49 85
49 50 85
85 50 86
50 51 86
86 51 87
51 52 87
87 52 88
52 53 88
88 53 89
53 54 89
89 54 90
54 55 90
90 55 91
55 56 91
91 56 92
56 57 92
92 57 93
57 58 93
93 58 94
58 59 94
94 59 95
59 60 95
95 60 96
60 61 96
96 61 97
61 62 97
97 62 98
62 63 98
98 63 99
63 64 99
99 64 100
64 65 100
100 65 101
65 66 101
101 66 102
66 67 102
102 67 103
67 68 103
103 68 104
68 69 104
104 69 105
69 70 105
105 70 106
70 71 106
106 71 107
71 72 107
107 72 108
72 37 108
108 37 73
37 73 73
73 73 109
73 74 109
109 74 110
74 75 110
110 75 111
75 76 111
111 76 112
76 77 112
112 77 113
77 78 113
113 78 114
78 79 114
114 79 115
79 80 115
115 80 116
80 81 116
116 81 117
81 82 117
117 82 118
82 83 118
118 83 119
83 84 119
119 84 120
84 85 120
120 85 121
85 86 121
121 86 122
86 87 122
122 87 123
87 88 123
123 88 124
88 89 124
124 89 125
89 90 125
125 90 126
90 91 126
126 91 127
91 92 127
127 92 128
92 93 128
128 93 129
93 94 129
129 94 130
94 95 130
130 95 131
95 96 131
131 96 132
96 97 132
132 97 133
97 98 133
133 98 134
98 99 134
134 99 135
99 100 135
135 100 136
100 101 136
136 101 137
101 102 137
137 102 138
102 103 138
138 103 139
103 104 139
139 104 140
104 105 140
140 105 141
105 106 141
141 106 142
106 107 142
142 107 143
107 108 143
143 108 144
108 73 144
144 73 109
73 109 109
109 109 145
109 110 145
145 110 146
110 111 146
146 111 147
111 112 147
147 112 148
112 113 148
148 113 149
113 114 149
149 114 150
114 115 150
150 115 151
115 116 151
151 116 152
116 117 152
152 117 153
117 118 153
153 118 154
118 119 154
154 119 155
119 120 155
155 120 156
120 121 156
156 121 157
121 122 157
157 122 158
122 123 158
158 123 159
123 124 159
159 124 160
124 125 160
160 125 161
125 126 161
161 126 162
126 127 162
162 127 163
127 128 163
163 128 164
128 129 164
164 129 165
129 130 165
165 130 166
130 131 166
166 131 167
131 132 167
167 132 168
132 133 168
168 133 169
133 134 169
169 134 170
134 135 170
170 135 171
135 136 171
171 136 172
136 137 172
172 137 173
137 138 173
173 138 174
138 139 174
174 139 175
139 140 175
175 140 176
140 141 176
176 141 177
141 142 177
177 142 178
142 143 178
178 143 179
143 144 179
179 144 180
144 109 180
180 109 145
109 145 145
145 145 181
145 146 181
181 146 182
146 147 182
182 147 183
147 148 183
183 148 184
148 149 184
184 149 185
149 150 185
185 150 186
150 151 186
186 151 187
151 152 187
187 152 188
152 153 188
188 153 189
153 154 189
189 154 190
154 155 190
190 155 191
155 156 191
191 156 192
156 157 192
192 157 193
157 158 193
193 158 194
158 159 194
194 159 195
159 160 195
195 160 196
160 161 196
196 161 197
161 162 197
197 162 198
162 163 198
198 163 199
163 164 199
199 164 200
164 165 200
200 165 201
165 166 201
201 166 202
166 167 202
202 167 203
167 168 203
203 168 204
168 169 204
204 169 205
169 170 205
205 170 206
170 171 206
206 171 207
171 172 207
207 172 208
172 173 208
208 173 209
173 174 209
209 174 210
174 175 210
210 175 211
175 176 211
211 176 212
176 177 212
212 177 213
177 178 213
213 178 214
178 179 214
214 179 215
179 180 215
215 180 216
180 145 216
216 145 181
145 181 181
181 181 217
181 182 217
217 182 218
182 183 218
218 183 219
183 184 219
219 184 220
184 185 220
220 185 221
185 186 221
221 186 222
186 187 222
222 187 223
187 188 223
223 188 224
188 189 224
224 189 225
189 190 225
225 190 226
190 191 226
226 191 227
191 192 227
227 192 228
192 193 228
228 193 229
193 194 229
229 194 230
194 195 230
230 195 231
195 196 231
231 196 232
196 197 232
232 197 233
197 198 233
233 198 234
198 199 234
234 199 235
199 200 235
235 200 236
200 201 236
236 201 237
201 202 237
237 202 238
202 203 238
238 203 239
203 204 239
239 204 240
204 205 240
240 205 241
205 206 241
241 206 242
206 207 242
242 207 243
207 208 243
243 208 244
208 209 244
244 209 245
209 210 245
245 210 246
210 211 246
246 211 247
211 212 247
247 212 248
212 213 248
248 213 249
213 214 249
249 214 250
214 215 250
250 215 251
215 216 251
251 216 252
216 181 252
252 181 217
181 217 217
217 217 253
217 218 253
253 218 254
218 219 254
254 219 255
219 220 255
255 220 256
220 221 256
256 221 257
221 222 257
257 222 258
222 223 258
258 223 259
223 224 259
259 224 260
224 225 260
260 225 261
225 226 261
261 226 262
226 227 262
262 227 263
227 228 263
263 228 264
228 229 264
264 229 265
229 230 265
265 230 266
230 231 266
266 231 267
231 232 267
267 232 268
232 233 268
268 233 269
233 234 269
269 234 270
234 235 270
270 235 271
235 236 271
271 236 272
236 237 272
272 237 273
237 238 273
273 238 274
238 239 274
274 239 275
239 240 275
275 240 276
240 241 276
276 241 277
241 242 277
277 242 278
242 243 278
278 243 279
243 244 279
279 244 280
244 245 280
280 245 281
245 246 281
281 246 282
246 247 282
282 247 283
247 248 283
283 248 284
248 249 284
284 249 285
249 250 285
285 250 286
250 251 286
286 251 287
251 252 287
287 252 288
252 217 288
288 217 253
217 253 253
253 253 289
253 254 289
289 254 290
254 255 290
290 255 291
255 256 291
291 256 292
256 257 292
292 257 293
257 258 293
293 258 294
258 259 294
294 259 295
259 260 295
295 260 296
260 261 296
296 261 297
261 262 297
297 262 298
262 263 298
298 263 299
263 264 299
299 264 300
264 265 300
300 265 301
265 266 301
301 266 302
266 267 302
302 267 303
267 268 303
303 268 304
268 269 304
304 269 305
269 270 305
305 270 306
270 271 306
306 271 307
271 272 307
307 272 308
272 273 308
308 273 309
273 274 309
309 274 310
274 275 310
310 275 311
275 276 311
311 276 312
276 277 312
312 277 313
277 278 313
313 278 314
278 279 314
314 279 315
279 280 315
315 280 316
280 281 316
316 281 317
281 282 317
317 282 318
282 283 318
318 283 319
283 284 319
319 284 320
284 285 320
320 285 321
285 286 321
321 286 322
286 287 322
322 287 323
287 288 323
323 288 324
288 253 324
324 253 289
253 289 289
289 289 325
289 290 325
325 290 326
290 291 326
326 291 327
291 292 327
327 292 328
292 293 328
328 293 329
293 294 329
329 294 330
294 295 330
330 295 331
295 296 331
331 296 332
296 297 332
332 297 333
297 298 333
333 298 334
298 299 334
334 299 335
299 300 335
335 300 336
300 301 336
336 301 337
301 302 337
337 302 338
302 303 338
338 303 339
303 304 339
339 304 340
304 305 340
340 305 341
305 306 341
341 306 342
306 307 342
342 307 343
307 308 343
343 308 344
308 309 344
344 309 345
309 310 345
345 310 346
310 311 346
346 311 347
311 312 347
347 312 348
312 313 348
348 313 349
313 314 349
349 314 350
314 315 350
350 315 351
315 316 351
351 316 352
316 317 352
352 317 353
317 318 353
353 318 354
318 319 354
354 319 355
319 320 355
355 320 356
320 321 356
356 321 357
321 322 357
357 322 358
322 323 358
358 323 359
323 324 359
359 324 360
324 289 360
360 289 325
289 325 325
325 325 361
325 326 361
361 326 362
326 327 362
362 327 363
327 328 363
363 328 364
328 329 364
364 329 365
329 330 365
365 330 366
330 331 366
366 331 367
331 332 367
367 332 368
332 333 368
368 333 369
333 334 369
369 334 370
334 335 370
370 335 371
335 336 371
371 336 372
336 337 372
372 337 373
337 338 373
373 338 374
338 339 374
374 339 375
339 340 375
375 340 376
340 341 376
376 341 377
341 342 377
377 342 378
342 343 378
378 343 379
343 344 379
379 344 380
344 345 380
380 345 381
345 346 381
381 346 382
346 347 382
382 347 383
347 348 383
383 348 384
348 349 384
384 349 385
349 350 385
385 350 386
350 351 386
386 351 387
351 352 387
387 352 388
352 353 388
388 353 389
353 354 389
389 354 390
354 355 390
390 355 391
355 356 391
391 356 392
356 357 392
392 357 393
357 358 393
393 358 394
358 359 394
394 359 395
359 360 395
395 360 396
360 325 396
396 325 361
325 361 361
361 361 397
361 362 397
397 362 398
362 363 398
398 363 399
363 364 399
399 364 400
364 365 400
400 365 401
365 366 401
401 366 402
366 367 402
402 367 403
367 368 403
403 368 404
368 369 404
404 369 405
369 370 405
405 370 406
370 371 406
406 371 407
371 372 407
407 372 408
372 373 408
408 373 409
373 374 409
409 374 410
374 375 410
410 375 411
375 376 411
411 376 412
376 377 412
412 377 413
377 378 413
413 378 414
378 379 414
414 379 415
379 380 415
415 380 416
380 381 416
416 381 417
381 382 417
417 382 418
382 383 418
418 383 419
383 384 419
419 384 420
384 385 420
420 385 421
385 386 421
421 386 422
386 387 422
422 387 423
387 388 423
423 388 424
388 389 424
424 389 425
389 390 425
425 390 426
390 391 426
426 391 427
391 392 427
427 392 428
392 393 428
428 393 429
393 394 429
429 394 430
394 395 430
430 395 431
395 396 431
431 396 432
396 361 432
432 361 397
361 397 397
397 397 433
397 398 433
433 398 434
398 399 434
434 399 435
399 400 435
435 400 436
400 401 436
436 401 437
401 402 437
437 402 438
402 403 438
438 403 439
403 404 439
439 404 440
404 405 440
440 405 441
405 406 441
441 406 442
406 407 442
442 407 443
407 408 443
443 408 444
408 409 444
444 409 445
409 410 445
445 410 446
410 411 446
446 411 447
411 412 447
447 412 448
412 413 448
448 413 449
413 414 449
449 414 450
414 415 450
450 415 451
415 416 451
451 416 452
416 417 452
452 417 453
417 418 453
453 418 454
418 419 454
454 419 455
419 420 455
455 420 456
420 421 456
456 421 457
421 422 457
457 422 458
422 423 458
458 423 459
423 424 459
459 424 460
424 425 460
460 425 461
425 426 461
461 426 462
426 427 462
462 427 463
427 428 463
463 428 464
428 429 464
464 429 465
429 430 465
465 430 466
430 431 466
466 431 467
431 432 467
467 432 468
432 397 468
468 397 433
397 433 433
433 433 469
433 434 469
469 434 470
434 435 470
470 435 471
435 436 471
471 436 472
436 437 472
472 437 473
437 438 473
473 438 474
438 439 474
474 439 475
439 440 475
475 440 476
440 441 476
476 441 477
441 442 477
477 442 478
442 443 478
478 443 479
443 444 479
479 444 480
444 445 480
480 445 481
445 446 481
481 446 482
446 447 482
482 447 483
447 448 483
483 448 484
448 449 484
484 449 485
449 450 485
485 450 486
450 451 486
486 451 487
451 452 487
487 452 488
452 453 488
488 453 489
453 454 489
489 454 490
454 455 490
490 455 491
455 456 491
491 456 492
456 457 492
492 457 493
457 458 493
493 458 494
458 459 494
494 459 495
459 460 495
495 460 496
460 461 496
496 461 497
461 462 497
497 462 498
462 463 498
498 463 499
463 464 499
499 464 500
464 465 500
500 465 501
465 466 501
501 466 502
466 467 502
502 467 503
467 468 503
503 468 504
468 433 504
504 433 469
433 469 469
469 469 505
469 470 505
505 470 506
470 471 506
506 471 507
471 472 507
507 472 508
472 473 508
508 473 509
473 474 509
509 474 510
474 475 510
510 475 511
475 476 511
511 476 512
476 477 512
512 477 513
477 478 513
513 478 514
478 479 514
514 479 515
479 480 515
515 480 516
480 481 516
516 481 517
481 482 517
517 482 518
482 483 518
518 483 519
483 484 519
519 484 520
484 485 520
520 485 521
485 486 521
521 486 522
486 487 522
522 487 523
487 488 523
523 488 524
488 489 524
524 489 525
489 490 525
525 490 526
490 491 526
526 491 527
491 492 527
527 492 528
492 493 528
528 493 529
493 494 529
529 494 530
494 495 530
530 495 531
495 496 531
531 496 532
496 497 532
532 497 533
497 498 533
533 498 534
498 499 534
534 499 535
499 500 535
535 500 536
500 501 536
536 501 537
501 502 537
537 502 538
502 503 538
538 503 539
503 504 539
539 504 540
504 469 540
540 469 505
469 505 505
505 505 541
505 506 541
541 506 542
506 507 542
542 507 543
507 508 543
543 508 544
508 509 544
544 509 545
509 510 545
545 510 546
510 511 546
546 511 547
511 512 547
547 512 548
512 513 548
548 513 549
513 514 549
549 514 550
514 515 550
550 515 551
515 516 551
551 516 552
516 517 552
552 517 553
517 518 553
553 518 554
518 519 554
554 519 555
519 520 555
555 520 556
520 521 556
556 521 557
521 522 557
557 522 558
522 523 558
558 523 559
523 524 559
559 524 560
524 525 560
560 525 561
525 526 561
561 526 562
526 527 562
562 527 563
527 528 563
563 528 564
528 529 564
564 529 565
529 530 565
565 530 566
530 531 566
566 531 567
531 532 567
567 532 568
532 533 568
568 533 569
533 534 569
569 534 570
534 535 570
570 535 571
535 536 571
571 536 572
536 537 572
572 537 573
537 538 573
573 538 574
538 539 574
574 539 575
539 540 575
575 540 576
540 505 576
576 505 541
505 541 541
541 541 577
541 542 577
577 542 578
542 543 578
578 543 579
543 544 579
579 544 580
544 545 580
580 545 581
545 546 581
581 546 582
546 547 582
582 547 583
547 548 583
583 548 584
548 549 584
584 549 585
549 550 585
585 550 586
550 551 586
586 551 587
551 552 587
587 552 588
552 553 588
588 553 589
553 554 589
589 554 590
554 555 590
590 555 591
555 556 591
591 556 592
556 557 592
592 557 593
557 558 593
593 558 594
558 559 594
594 559 595
559 560 595
595 560 596
560 561 596
596 561 597
561 562 597
597 562 598
562 563 598
598 563 599
563 564 599
599 564 600
564 565 600
600 565 601
565 566 601
601 566 602
566 567 602
602 567 603
567 568 603
603 568 604
568 569 604
604 569 605
569 570 605
605 570 606
570 571 606
606 571 607
571 572 607
607 572 608
572 573 608
608 573 609
573 574 609
609 574 610
574 575 610
610 575 611
575 576 611
611 576 612
576 541 612
612 541 577
541 577 577
577 577 613
577 578 613
613 578 614
578 579 614
614 579 615
579 580 615
615 580 616
580 581 616
616 581 617
581 582 617
617 582 618
582 583 618
618 583 619
583 584 619
619 584 620
584 585 620
620 585 621
585 586 621
621 586 622
586 587 622
622 587 623
587 588 623
623 588 624
588 589 624
624 589 625
589 590 625
625 590 626
590 591 626
626 591 627
591 592 627
627 592 628
592 593 628
628 593 629
593 594 629
629 594 630
594 595 630
630 595 631
595 596 631
631 596 632
596 597 632
632 597 633
597 598 633
633 598 634
598 599 634
634 599 635
599 600 635
635 600 636
600 601 636
636 601 637
601 602 637
637 602 638
602 603 638
638 603 639
603 604 639
639 604 640
604 605 640
640 605 641
605 606 641
641 606 642
606 607 642
642 607 643
607 608 643
643 608 644
608 609 644
644 609 645
609 610 645
645 610 646
610 611 646
646 611 647
611 612 647
647 612 648
612 577 648
648 577 613
577 613 613
613 613 649
613 614 649
649 614 650
614 615 650
650 615 651
615 616 651
651 616 652
616 617 652
652 617 653
617 618 653
653 618 654
618 619 654
654 619 655
619 620 655
655 620 656
620 621 656
656 621 657
621 622 657
657 622 658
622 623 658
658 623 659
623 624 659
659 624 660
624 625 660
660 625 661
625 626 661
661 626 662
626 627 662
662 627 663
627 628 663
663 628 664
628 629 664
664 629 665
629 630 665
665 630 666
630 631 666
666 631 667
631 632 667
667 632 668
632 633 668
668 633 669
633 634 669
669 634 670
634 635 670
670 635 671
635 636 671
671 636 672
636 637 672
672 637 673
637 638 673
673 638 674
638 639 674
674 639 675
639 640 675
675 640 676
640 641 676
676 641 677
641 642 677
677 642 678
642 643 678
678 643 679
643 644 679
679 644 680
644 645 680
680 645 681
645 646 681
681 646 682
646 647 682
682 647 683
647 648 683
683 648 684
648 613 684
684 613 649
613 649 649
649 649 685
649 650 685
685 650 686
650 651 686
686 651 687
651 652 687
687 652 688
652 653 688
688 653 689
653 654 689
689 654 690
654 655 690
690 655 691
655 656 691
691 656 692
656 657 692
692 657 693
657 658 693
693 658 694
658 659 694
694 659 695
659 660 695
695 660 696
660 661 696
696 661 697
661 662 697
697 662 698
662 663 698
698 663 699
663 664 699
699 664 700
664 665 700
700 665 701
665 666 701
701 666 702
666 667 702
702 667 703
667 668 703
703 668 704
668 669 704
704 669 705
669 670 705
705 670 706
670 671 706
706 671 707
671 672 707
707 672 708
672 673 708
708 673 709
673 674 709
709 674 710
674 675 710
710 675 711
675 676 711
711 676 712
676 677 712
712 677 713
677 678 713
713 678 714
678 679 714
714 679 715
679 680 715
715 680 716
680 681 716
716 681 717
681 682 717
717 682 718
682 683 718
718 683 719
683 684 719
719 684 720
684 649 720
720 649 685
649 685 685
685 685 721
685 686 721
721 686 722
686 687 722
722 687 723
687 688 723
723 688 724
688 689 724
724 689 725
689 690 725
725 690 726
690 691 726
726 691 727
691 692 727
727 692 728
692 693 728
728 693 729
693 694 729
729 694 730
694 695 730
730 695 731
695 696 731
731 696 732
696 697 732
732 697 733
697 698 733
733 698 734
698 699 734
734 699 735
699 700 735
735 700 736
700 701 736
736 701 737
701 702 737
737 702 738
702 703 738
738 703 739
703 704 739
739 704 740
704 705 740
740 705 741
705 706 741
741 706 742
706 707 742
742 707 743
707 708 743
743 708 744
708 709 744
744 709 745
709 710 745
745 710 746
710 711 746
746 711 747
711 712 747
747 712 748
712 713 748
748 713 749
713 714 749
749 714 750
714 715 750
750 715 751
715 716 751
751 716 752
716 717 752
752 717 753
717 718 753
753 718 754
718 719 754
754 719 755
719 720 755
755 720 756
720 685 756
756 685 721
685 721 721
721 721 757
721 722 757
757 722 758
722 723 758
758 723 759
723 724 759
759 724 760
724 725 760
760 725 761
725 726 761
761 726 762
726 727 762
762 727 763
727 728 763
763 728 764
728 729 764
764 729 765
729 730 765
765 730 766
730 731 766
766 731 767
731 732 767
767 732 768
732 733 768
768 733 769
733 734 769
769 734 770
734 735 770
770 735 771
735 736 771
771 736 772
736 737 772
772 737 773
737 738 773
773 738 774
738 739 774
774 739 775
739 740 775
775 740 776
740 741 776
776 741 777
741 742 777
777 742 778
742 743 778
778 743 779
743 744 779
779 744 780
744 745 780
780 745 781
745 746 781
781 746 782
746 747 782
782 747 783
747 748 783
783 748 784
748 749 784
784 749 785
749 750 785
785 750 786
750 751 786
786 751 787
751 752 787
787 752 788
752 753 788
788 753 789
753 754 789
789 754 790
754 755 790
790 755 791
755 756 791
791 756 792
756 721 792
792 721 757
721 757 757
757 757 793
757 758 793
793 758 794
758 759 794
794 759 795
759 760 795
795 760 796
760 761 796
796 761 797
761 762 797
797 762 798
762 763 798
798 763 799
763 764 799
799 764 800
764 765 800
800 765 801
765 766 801
801 766 802
766 767 802
802 767 803
767 768 803
803 768 804
768 769 804
804 769 805
769 770 805
805 770 806
770 771 806
806 771 807
771 772 807
807 772 808
772 773 808
808 773 809
773 774 809
809 774 810
774 775 810
810 775 811
775 776 811
811 776 812
776 777 812
812 777 813
777 778 813
813 778 814
778 779 814
814 779 815
779 780 815
815 780 816
780 781 816
816 781 817
781 782 817
817 782 818
782 783 818
818 783 819
783 784 819
819 784 820
784 785 820
820 785 821
785 786 821
821 786 822
786 787 822
822 787 823
787 788 823
823 788 824
788 789 824
824 789 825
789 790 825
825 790 826
790 791 826
826 791 827
791 792 827
827 792 828
792 757 828
828 757 793
757 793 793
793 793 829
793 794 829
829 794 830
794 795 830
830 795 831
795 796 831
831 796 832
796 797 832
832 797 833
797 798 833
833 798 834
798 799 834
834 799 835
799 800 835
835 800 836
800 801 836
836 801 837
801 802 837
837 802 838
802 803 838
838 803 839
803 804 839
839 804 840
804 805 840
840 805 841
805 806 841
841 806 842
806 807 842
842 807 843
807 808 843
843 808 844
808 809 844
844 809 845
809 810 845
845 810 846
810 811 846
846 811 847
811 812 847
847 812 848
812 813 848
848 813 849
813 814 849
849 814 850
814 815 850
850 815 851
815 816 851
851 816 852
816 817 852
852 817 853
817 818 853
853 818 854
818 819 854
854 819 855
819 820 855
855 820 856
820 821 856
856 821 857
821 822 857
857 822 858
822 823 858
858 823 859
823 824 859
859 824 860
824 825 860
860 825 861
825 826 861
861 826 862
826 827 862
862 827 863
827 828 863
863 828 864
828 793 864
864 793 829
793 829 829
829 829 865
829 830 865
865 830 866
830 831 866
866 831 867
831 832 867
867 832 868
832 833 868
868 833 869
833 834 869
869 834 870
834 835 870
870 835 871
835 836 871
871 836 872
836 837 872
872 837 873
837 838 873
873 838 874
838 839 874
874 839 875
839 840 875
875 840 876
840 841 876
876 841 877
841 842 877
877 842 878
842 843 878
878 843 879
843 844 879
879 844 880
844 845 880
880 845 881
845 846 881
881 846 882
846 847 882
882 847 883
847 848 883
883 848 884
848 849 884
884 849 885
849 850 885
885 850 886
850 851 886
886 851 887
851 852 887
887 852 888
852 853 888
888 853 889
853 854 889
889 854 890
854 855 890
890 855 891
855 856 891
891 856 892
856 857 892
892 857 893
857 858 893
893 858 894
858 859 894
894 859 895
859 860 895
895 860 896
860 861 896
896 861 897
861 862 897
897 862 898
862 863 898
898 863 899
863 864 899
899 864 900
864 829 900
900 829 865
829 865 865
865 865 901
865 866 901
901 866 902
866 867 902
902 867 903
867 868 903
903 868 904
868 869 904
904 869 905
869 870 905
905 870 906
870 871 906
906 871 907
871 872 907
907 872 908
872 873 908
908 873 909
873 874 909
909 874 910
874 875 910
910 875 911
875 876 911
911 876 912
876 877 912
912 877 913
877 878 913
913 878 914
878 879 914
914 879 915
879 880 915
915 880 916
880 881 916
916 881 917
881 882 917
917 882 918
882 883 918
918 883 919
883 884 919
919 884 920
884 885 920
920 885 921
885 886 921
921 886 922
886 887 922
922 887 923
887 888 923
923 888 924
888 889 924
924 889 925
889 890 925
925 890 926
890 891 926
926 891 927
891 892 927
927 892 928
892 893 928
928 893 929
893 894 929
929 894 930
894 895 930
930 895 931
895 896 931
931 896 932
896 897 932
932 897 933
897 898 933
933 898 934
898 899 934
934 899 935
899 900 935
935 900 936
900 865 936
936 865 901
865 901 901
901 901 937
901 902 937
937 902 938
902 903 938
938 903 939
903 904 939
939 904 940
904 905 940
940 905 941
905 906 941
941 906 942
906 907 942
942 907 943
907 908 943
943 908 944
908 909 944
944 909 945
909 910 945
945 910 946
910 911 946
946 911 947
911 912 947
947 912 948
912 913 948
948 913 949
913 914 949
949 914 950
914 915 950
950 915 951
915 916 951
951 916 952
916 917 952
952 917 953
917 918 953
953 918 954
918 919 954
954 919 955
919 920 955
955 920 956
920 921 956
956 921 957
921 922 957
957 922 958
922 923 958
958 923 959
923 924 959
959 924 960
924 925 960
960 925 961
925 926 961
961 926 962
926 927 962
962 927 963
927 928 963
963 928 964
928 929 964
964 929 965
929 930 965
965 930 966
930 931 966
966 931 967
931 932 967
967 932 968
932 933 968
968 933 969
933 934 969
969 934 970
934 935 970
970 935 971
935 936 971
971 936 972
936 901 972
972 901 937
901 937 937
937 937 973
937 938 973
973 938 974
938 939 974
974 939 975
939 940 975
975 940 976
940 941 976
976 941 977
941 942 977
977 942 978
942 943 978
978 943 979
943 944 979
979 944 980
944 945 980
980 945 981
945 946 981
981 946 982
946 947 982
982 947 983
947 948 983
983 948 984
948 949 984
984 949 985
949 950 985
985 950 986
950 951 986
986 951 987
951 952 987
987 952 988
952 953 988
988 953 989
953 954 989
989 954 990
954 955 990
990 955 991
955 956 991
991 956 992
956 957 992
992 957 993
957 958 993
993 958 994
958 959 994
994 959 995
959 960 995
995 960 996
960 961 996
996 961 997
961 962 997
997 962 998
962 963 998
998 963 999
963 964 999
999 964 1000
964 965 1000
1000 965 1001
965 966 1001
1001 966 1002
966 967 1002
1002 967 1003
967 968 1003
1003 968 1004
968 969 1004
1004 969 1005
969 970 1005
1005 970 1006
970 971 1006
1006 971 1007
971 972 1007
1007 972 1008
972 937 1008
1008 937 973
937 973 973
973 973 1009
973 974 1009
1009 974 1010
974 975 1010
1010 975 1011
975 976 1011
1011 976 1012
976 977 1012
1012 977 1013
977 978 1013
1013 978 1014
978 979 1014
1014 979 1015
979 980 1015
1015 980 1016
980 981 1016
1016 981 1017
981 982 1017
1017 982 1018
982 983 1018
1018 983 1019
983 984 1019
1019 984 1020
984 985 1020
1020 985 1021
985 986 1021
1021 986 1022
986 987 1022
1022 987 1023
987 988 1023
1023 988 1024
988 989 1024
1024 989 1025
989 990 1025
1025 990 1026
990 991 1026
1026 991 1027
991 992 1027
1027 992 1028
992 993 1028
1028 993 1029
993 994 1029
1029 994 1030
994 995 1030
1030 995 1031
995 996 1031
1031 996 1032
996 997 1032
1032 997 1033
997 998 1033
1033 998 1034
998 999 1034
1034 999 1035
999 1000 1035
1035 1000 1036
1000 1001 1036
1036 1001 1037
1001 1002 1037
1037 1002 1038
1002 1003 1038
1038 1003 1039
1003 1004 1039
1039 1004 1040
1004 1005 1040
1040 1005 1041
1005 1006 1041
1041 1006 1042
1006 1007 1042
1042 1007 1043
1007 1008 1043
1043 1008 1044
1008 973 1044
1044 973 1009
973 1009 1009
1009 1009 1045
1009 1010 1045
1045 1010 1046
1010 1011 1046
1046 1011 1047
1011 1012 1047
1047 1012 1048
1012 1013 1048
1048 1013 1049
1013 1014 1049
1049 1014 1050
1014 1015 1050
1050 1015 1051
1015 1016 1051
1051 1016 1052
1016 1017 1052
1052 1017 1053
1017 1018 1053
1053 1018 1054
1018 1019 1054
1054 1019 1055
1019 1020 1055
1055 1020 1056
1020 1021 1056
1056 1021 1057
1021 1022 1057
1057 1022 1058
1022 1023 1058
1058 1023 1059
1023 1024 1059
1059 1024 1060
1024 1025 1060
1060 1025 1061
1025 1026 1061
1061 1026 1062
1026 1027 1062
1062 1027 1063
1027 1028 1063
1063 1028 1064
1028 1029 1064
1064 1029 1065
1029 1030 1065
1065 1030 1066
1030 1031 1066
1066 1031 1067
1031 1032 1067
1067 1032 1068
1032 1033 1068
1068 1033 1069
1033 1034 1069
1069 1034 1070
1034 1035 1070
1070 1035 1071
1035 1036 1071
1071 1036 1072
1036 1037 1072
1072 1037 1073
1037 1038 1073
1073 1038 1074
1038 1039 1074
1074 1039 1075
1039 1040 1075
1075 1040 1076
1040 1041 1076
1076 1041 1077
1041 1042 1077
1077 1042 1078
1042 1043 1078
1078 1043 1079
1043 1044 1079
1079 1044 1080
1044 1009 1080
1080 1009 1045
1009 1045 1045
1045 1045 1081
1045 1046 1081
1081 1046 1082
1046 1047 1082
1082 1047 1083
1047 1048 1083
1083 1048 1084
1048 1049 1084
1084 1049 1085
1049 1050 1085
1085 1050 1086
1050 1051 1086
1086 1051 1087
1051 1052 1087
1087 1052 1088
1052 1053 1088
1088 1053 1089
1053 1054 1089
1089 1054 1090
1054 1055 1090
1090 1055 1091
1055 1056 1091
1091 1056 1092
1056 1057 1092
1092 1057 1093
1057 1058 1093
1093 1058 1094
1058 1059 1094
1094 1059 1095
1059 1060 1095
1095 1060 1096
1060 1061 1096
1096 1061 1097
1061 1062 1097
1097 1062 1098
1062 1063 1098
1098 1063 1099
1063 1064 1099
1099 1064 1100
1064 1065 1100
1100 1065 1101
1065 1066 1101
1101 1066 1102
1066 1067 1102
1102 1067 1103
1067 1068 1103
1103 1068 1104
1068 1069 1104
1104 1069 1105
1069 1070 1105
1105 1070 1106
1070 1071 1106
1106 1071 1107
1071 1072 1107
1107 1072 1108
1072 1073 1108
1108 1073 1109
1073 1074 1109
1109 1074 1110
1074 1075 1110
1110 1075 1111
1075 1076 1111
1111 1076 1112
1076 1077 1112
1112 1077 1113
1077 1078 1113
1113 1078 1114
1078 1079 1114
1114 1079 1115
1079 1080 1115
1115 1080 1116
1080 1045 1116
1116 1045 1081
1045 1081 1081
1081 1081 1117
1081 1082 1117
1117 1082 1118
1082 1083 1118
1118 1083 1119
1083 1084 1119
1119 1084 1120
1084 1085 1120
1120 1085 1121
1085 1086 1121
1121 1086 1122
1086 1087 1122
1122 1087 1123
1087 1088 1123
1123 1088 1124
1088 1089 1124
1124 1089 1125
1089 1090 1125
1125 1090 1126
1090 1091 1126
1126 1091 1127
1091 1092 1127
1127 1092 1128
1092 1093 1128
1128 1093 1129
1093 1094 1129
1129 1094 1130
1094 1095 1130
1130 1095 1131
1095 1096 1131
1131 1096 1132
1096 1097 1132
1132 1097 1133
1097 1098 1133
1133 1098 1134
1098 1099 1134
1134 1099 1135
1099 1100 1135
1135 1100 1136
1100 1101 1136
1136 1101 1137
1101 1102 1137
1137 1102 1138
1102 1103 1138
1138 1103 1139
1103 1104 1139
1139 1104 1140
1104 1105 1140
1140 1105 1141
1105 1106 1141
1141 1106 1142
1106 1107 1142
1142 1107 1143
1107 1108 1143
1143 1108 1144
1108 1109 1144
1144 1109 1145
1109 1110 1145
1145 1110 1146
1110 1111 1146
1146 1111 1147
1111 1112 1147
1147 1112 1148
1112 1113 1148
1148 1113 1149
1113 1114 1149
1149 1114 1150
1114 1115 1150
1150 1115 1151
1115 1116 1151
1151 1116 1152
1116 1081 1152
1152 1081 1117
1081 1117 1117
1117 1117 1153
1117 1118 1153
1153 1118 1154
1118 1119 1154
1154 1119 1155
1119 1120 1155
1155 1120 1156
1120 1121 1156
1156 1121 1157
1121 1122 1157
1157 1122 1158
1122 1123 1158
1158 1123 1159
1123 1124 1159
1159 1124 1160
1124 1125 1160
1160 1125 1161
1125 1126 1161
1161 1126 1162
1126 1127 1162
1162 1127 1163
1127 1128 1163
1163 1128 1164
1128 1129 1164
1164 1129 1165
1129 1130 1165
1165 1130 1166
1130 1131 1166
1166 1131 1167
1131 1132 1167
1167 1132 1168
1132 1133 1168
1168 1133 1169
1133 1134 1169
1169 1134 1170
1134 1135 1170
1170 1135 1171
1135 1136 1171
1171 1136 1172
1136 1137 1172
1172 1137 1173
1137 1138 1173
1173 1138 1174
1138 1139 1174
1174 1139 1175
1139 1140 1175
1175 1140 1176
1140 1141 1176
1176 1141 1177
1141 1142 1177
1177 1142 1178
1142 1143 1178
1178 1143 1179
1143 1144 1179
1179 1144 1180
1144 1145 1180
1180 1145 1181
1145 1146 1181
1181 1146 1182
1146 1147 1182
1182 1147 1183
1147 1148 1183
1183 1148 1184
1148 1149 1184
1184 1149 1185
1149 1150 1185
1185 1150 1186
1150 1151 1186
1186 1151 1187
1151 1152 1187
1187 1152 1188
1152 1117 1188
1188 1117 1153
1117 1153 1153
1153 1153 1189
1153 1154 1189
1189 1154 1190
1154 1155 1190
1190 1155 1191
1155 1156 1191
1191 1156 1192
1156 1157 1192
1192 1157 1193
1157 1158 1193
1193 1158 1194
1158 1159 1194
1194 1159 1195
1159 1160 1195
1195 1160 1196
1160 1161 1196
1196 1161 1197
1161 1162 1197
1197 1162 1198
1162 1163 1198
1198 1163 1199
1163 1164 1199
1199 1164 1200
1164 1165 1200
1200 1165 1201
1165 1166 1201
1201 1166 1202
1166 1167 1202
1202 1167 1203
1167 1168 1203
1203 1168 1204
1168 1169 1204
1204 1169 1205
1169 1170 1205
1205 1170 1206
1170 1171 1206
1206 1171 1207
1171 1172 1207
1207 1172 1208
1172 1173 1208
1208 1173 1209
1173 1174 1209
1209 1174 1210
1174 1175 1210
1210 1175 1211
1175 1176 1211
1211 1176 1212
1176 1177 1212
1212 1177 1213
1177 1178 1213
1213 1178 1214
1178 1179 1214
1214 1179 1215
1179 1180 1215
1215 1180 1216
1180 1181 1216
1216 1181 1217
1181 1182 1217
1217 1182 1218
1182 1183 1218
1218 1183 1219
1183 1184 1219
1219 1184 1220
1184 1185 1220
1220 1185 1221
1185 1186 1221
1221 1186 1222
1186 1187 1222
1222 1187 1223
1187 1188 1223
1223 1188 1224
1188 1153 1224
1224 1153 1189
1153 1189 1189
1189 1189 1225
1189 1190 1225
1225 1190 1226
1190 1191 1226
1226 1191 1227
1191 1192 1227
1227 1192 1228
1192 1193 1228
1228 1193 1229
1193 1194 1229
1229 1194 1230
1194 1195 1230
1230 1195 1231
1195 1196 1231
1231 1196 1232
1196 1197 1232
1232 1197 1233
1197 1198 1233
1233 1198 1234
1198 1199 1234
1234 1199 1235
1199 1200 1235
1235 1200 1236
1200 1201 1236
1236 1201 1237
1201 1202 1237
1237 1202 1238
1202 1203 1238
1238 1203 1239
1203 1204 1239
1239 1204 1240
1204 1205 1240
1240 1205 1241
1205 1206 1241
1241 1206 1242
1206 1207 1242
1242 1207 1243
1207 1208 1243
1243 1208 1244
1208 1209 1244
1244 1209 1245
1209 1210 1245
1245 1210 1246
1210 1211 1246
1246 1211 1247
1211 1212 1247
1247 1212 1248
1212 1213 1248
1248 1213 1249
1213 1214 1249
1249 1214 1250
1214 1215 1250
1250 1215 1251
1215 1216 1251
1251 1216 1252
1216 1217 1252
1252 1217 1253
1217 1218 1253
1253 1218 1254
1218 1219 1254
1254 1219 1255
1219 1220 1255
1255 1220 1256
1220 1221 1256
1256 1221 1257
1221 1222 1257
1257 1222 1258
1222 1223 1258
1258 1223 1259
1223 1224 1259
1259 1224 1260
1224 1189 1260
1260 1189 1225
1189 1225 1225
1225 1225 1261
1225 1226 1261
1261 1226 1261
1226 1227 1261
1261 1227 1261
1227 1228 1261
1261 1228 1261
1228 1229 1261
1261 1229 1261
1229 1230 1261
1261 1230 1261
1230 1231 1261
1261 1231 1261
1231 1232 1261
1261 1232 1261
1232 1233 1261
1261 1233 1261
1233 1234 1261
1261 1234 1261
1234 1235 1261
1261 1235 1261
1235 1236 1261
1261 1236 1261
1236 1237 1261
1261 1237 1261
1237 1238 1261
1261 1238 1261
1238 1239 1261
1261 1239 1261
1239 1240 1261
1261 1240 1261
1240 1241 1261
1261 1241 1261
1241 1242 1261
1261 1242 1261
1242 1243 1261
1261 1243 1261
1243 1244 1261
1261 1244 1261
1244 1245 1261
1261 1245 1261
1245 1246 1261
1261 1246 1261
1246 1247 1261
1261 1247 1261
1247 1248 1261
1261 1248 1261
1248 1249 1261
1261 1249 1261
1249 1250 1261
1261 1250 1261
1250 1251 1261
1261 1251 1261
1251 1252 1261
1261 1252 1261
1252 1253 1261
1261 1253 1261
1253 1254 1261
1261 1254 1261
1254 1255 1261
1261 1255 1261
1255 1256 1261
1261 1256 1261
1256 1257 1261
1261 1257 1261
1257 1258 1261
1261 1258 1261
1258 1259 1261
1261 1259 1261
1259 1260 1261
1261 1260 1261
1260 1225 1261
1262 1262 1262
1262 1262 1262
1262 1262 1262
